# transform file transforms/talairach_with_skull.lta
# created by chakri on Sat Jan 24 14:02:35 2026

type      = 0 # LINEAR_VOX_TO_VOX
nxforms   = 1
mean      = 129.0000 144.0000 135.0000
sigma     = 10000.0000
1 4 4
1.126817464828491e+00 2.660316601395607e-02 -3.870420157909393e-02 -1.788702583312988e+01 
-2.860505692660809e-02 1.248182892799377e+00 -1.234719455242157e-01 4.042613029479980e+00 
3.940669819712639e-02 1.118527203798294e-01 1.146259069442749e+00 -5.359352111816406e+01 
0.000000000000000e+00 0.000000000000000e+00 0.000000000000000e+00 1.000000000000000e+00 
src volume info
valid = 1  # volume info valid
filename = nu.mgz
volume = 256 256 256
voxelsize = 1.000000000000000e+00 1.000000000000000e+00 1.000000000000000e+00
xras   = -1.000000000000000e+00 0.000000000000000e+00 0.000000000000000e+00
yras   = 0.000000000000000e+00 0.000000000000000e+00 -1.000000000000000e+00
zras   = 0.000000000000000e+00 1.000000000000000e+00 0.000000000000000e+00
cras   = -3.098594665527344e+00 -1.569747924804688e+00 1.789236450195312e+01
dst volume info
valid = 1  # volume info valid
filename = /Applications/freesurfer/average/RB_all_withskull_2016-05-10.vc700.gca
volume = 256 256 256
voxelsize = 1.000000000000000e+00 1.000000000000000e+00 1.000000000000000e+00
xras   = -1.000000000000000e+00 0.000000000000000e+00 0.000000000000000e+00
yras   = 0.000000000000000e+00 0.000000000000000e+00 -1.000000000000000e+00
zras   = 0.000000000000000e+00 1.000000000000000e+00 0.000000000000000e+00
cras   = 0.000000000000000e+00 0.000000000000000e+00 0.000000000000000e+00
